5.120879999999999876e-02 1.941460000000000008e+01 9.877740000000000738e-04 0.000000000000000000e+00 9.781260000000000332e+01 1.158310000000000031e+02 6.753189999999999316e+01 6.565200000000000102e+01 1.562090000000000032e+02 2.683040000000000092e+01 7.398659999999999570e+01
1.536260000000000125e-01 1.308660000000000068e+01 1.116230000000000000e-02 0.000000000000000000e+00 9.303350000000000364e+01 1.071410000000000053e+02 7.334980000000000189e+01 8.099379999999999313e+01 1.742779999999999916e+02 2.251859999999999928e+01 7.780769999999999698e+01
2.560439999999999938e-01 1.556209999999999916e+01 6.699929999999999775e-02 0.000000000000000000e+00 9.485999999999999943e+01 7.239360000000000639e+01 4.916660000000000252e+01 1.189300000000000068e+02 1.303050000000000068e+02 2.222250000000000014e+01 8.238079999999999359e+01
3.584609999999999741e-01 1.871649999999999991e+01 1.916869999999999963e-01 0.000000000000000000e+00 1.108619999999999948e+02 6.373149999999999693e+01 2.967849999999999966e+01 1.311279999999999859e+02 1.068080000000000069e+02 2.176709999999999923e+01 9.314679999999999893e+01
4.608789999999999831e-01 2.333190000000000097e+01 7.778209999999999846e-01 0.000000000000000000e+00 1.070160000000000053e+02 8.475090000000000146e+01 2.355689999999999884e+01 1.439290000000000020e+02 8.730649999999999977e+01 2.988400000000000034e+01 1.053289999999999935e+02
5.632960000000000189e-01 1.288080000000000069e+01 2.232329999999999870e-01 0.000000000000000000e+00 7.474790000000000134e+01 1.233840000000000003e+02 1.890249999999999986e+01 1.682810000000000059e+02 3.126450000000000173e+01 6.484690000000000509e+01 1.134339999999999975e+02
6.657140000000000279e-01 1.168919999999999959e+01 6.909769999999999801e-02 0.000000000000000000e+00 4.923919999999999675e+01 1.268930000000000007e+02 2.057959999999999923e+01 1.495169999999999959e+02 1.894819999999999993e+01 1.414459999999999980e+02 1.138859999999999957e+02
7.681320000000000370e-01 1.642909999999999826e+01 1.036580000000000001e-01 0.000000000000000000e+00 4.975469999999999970e+01 1.042860000000000014e+02 2.740800000000000125e+01 9.451919999999999789e+01 1.566440000000000055e+01 2.088720000000000141e+02 1.150150000000000006e+02
8.705490000000000173e-01 1.955339999999999989e+01 2.603409999999999891e-01 0.000000000000000000e+00 4.756179999999999808e+01 6.470950000000000557e+01 2.997269999999999968e+01 7.532070000000000221e+01 2.628280000000000172e+01 2.468880000000000052e+02 1.053209999999999980e+02
9.729670000000000263e-01 1.478930000000000078e+01 1.509409999999999918e-01 0.000000000000000000e+00 4.173980000000000246e+01 4.396009999999999707e+01 2.280150000000000077e+01 1.009989999999999952e+02 4.887469999999999715e+01 2.252800000000000011e+02 1.061629999999999967e+02
1.075380000000000003e+00 6.069939999999999891e+00 0.000000000000000000e+00 0.000000000000000000e+00 3.927680000000000149e+01 6.031880000000000308e+01 2.980940000000000012e+01 1.357980000000000018e+02 9.523390000000000555e+01 1.677369999999999948e+02 1.080900000000000034e+02
1.177799999999999958e+00 8.917360000000000397e+00 0.000000000000000000e+00 0.000000000000000000e+00 3.064829999999999899e+01 7.841989999999999839e+01 7.259749999999999659e+01 1.718880000000000052e+02 7.969819999999999993e+01 1.831870000000000118e+02 1.136640000000000015e+02
1.280219999999999914e+00 2.188349999999999795e+00 0.000000000000000000e+00 0.000000000000000000e+00 2.912480000000000047e+01 9.622910000000000252e+01 1.248550000000000040e+02 1.378899999999999864e+02 5.533520000000000039e+01 1.952940000000000111e+02 1.158179999999999978e+02
1.382640000000000091e+00 1.054110000000000102e+00 0.000000000000000000e+00 0.000000000000000000e+00 5.035669999999999646e+01 9.676030000000000086e+01 1.417949999999999875e+02 1.064330000000000069e+02 4.722249999999999659e+01 2.097419999999999902e+02 1.167169999999999987e+02
1.485049999999999981e+00 4.423899999999999721e+00 0.000000000000000000e+00 0.000000000000000000e+00 1.284209999999999923e+02 9.901349999999999341e+01 1.574130000000000109e+02 9.771210000000000662e+01 3.085800000000000054e+01 2.236030000000000086e+02 1.149009999999999962e+02
1.587469999999999937e+00 9.644819999999999283e+00 5.103909999999999697e-02 0.000000000000000000e+00 1.790639999999999930e+02 1.036640000000000015e+02 1.529530000000000030e+02 7.019020000000000437e+01 2.301190000000000069e+01 2.193400000000000034e+02 1.090139999999999958e+02
1.689889999999999892e+00 6.565949999999999953e+00 2.571399999999999797e-01 0.000000000000000000e+00 2.036430000000000007e+02 1.123569999999999993e+02 1.440240000000000009e+02 4.932200000000000273e+01 2.995200000000000173e+01 1.684350000000000023e+02 1.184590000000000032e+02
1.792310000000000070e+00 5.913019999999999943e-01 2.478789999999999882e-01 0.000000000000000000e+00 1.599159999999999968e+02 1.108919999999999959e+02 1.403530000000000086e+02 3.561650000000000205e+01 5.901890000000000214e+01 1.575769999999999982e+02 1.474240000000000066e+02
1.894719999999999960e+00 0.000000000000000000e+00 7.250180000000000513e-02 0.000000000000000000e+00 1.391160000000000139e+02 1.151179999999999950e+02 1.186800000000000068e+02 5.769570000000000221e+01 9.558780000000000143e+01 1.535920000000000130e+02 1.701899999999999977e+02
1.997139999999999915e+00 1.976100000000000079e-02 1.068520000000000025e-01 0.000000000000000000e+00 1.269449999999999932e+02 1.640130000000000052e+02 1.219339999999999975e+02 9.365340000000000487e+01 7.794629999999999370e+01 1.446289999999999907e+02 1.784269999999999925e+02
2.099559999999999871e+00 3.385559999999999958e-02 1.635179999999999967e-02 0.000000000000000000e+00 1.187960000000000065e+02 1.953739999999999952e+02 1.487560000000000002e+02 9.400610000000000355e+01 5.949739999999999895e+01 1.432539999999999907e+02 1.483870000000000005e+02
2.201979999999999826e+00 1.031350000000000044e-01 1.945030000000000092e-01 0.000000000000000000e+00 1.325629999999999882e+02 2.019619999999999891e+02 1.597210000000000036e+02 7.160150000000000148e+01 4.662180000000000035e+01 1.530430000000000064e+02 1.046880000000000024e+02
2.304390000000000160e+00 1.274839999999999862e-01 3.607290000000000219e-01 0.000000000000000000e+00 1.507990000000000066e+02 1.841610000000000014e+02 1.422290000000000134e+02 6.876489999999999725e+01 4.729480000000000217e+01 1.384399999999999977e+02 8.227100000000000080e+01
2.406810000000000116e+00 1.006310000000000038e+01 3.964820000000000011e-01 0.000000000000000000e+00 1.477110000000000127e+02 1.811620000000000061e+02 1.681500000000000057e+02 1.043870000000000005e+02 4.265379999999999683e+01 1.468220000000000027e+02 5.619489999999999696e+01
2.509230000000000071e+00 2.282629999999999981e+01 4.012649999999999828e-01 0.000000000000000000e+00 1.538959999999999866e+02 1.640459999999999923e+02 2.107899999999999920e+02 1.547160000000000082e+02 4.590350000000000108e+01 1.170270000000000010e+02 6.171410000000000196e+01
2.611650000000000027e+00 1.340879999999999939e+01 2.291080000000000061e-01 0.000000000000000000e+00 1.712400000000000091e+02 1.315250000000000057e+02 1.683259999999999934e+02 1.650229999999999961e+02 4.628790000000000049e+01 1.282920000000000016e+02 9.900579999999999359e+01
2.714059999999999917e+00 3.698189999999999866e+00 1.222810000000000008e-01 0.000000000000000000e+00 1.741260000000000048e+02 1.243269999999999982e+02 1.341140000000000043e+02 1.547779999999999916e+02 6.807309999999999661e+01 1.233209999999999980e+02 1.384300000000000068e+02
2.816479999999999873e+00 1.444620000000000015e+00 1.862259999999999957e-02 0.000000000000000000e+00 1.691260000000000048e+02 1.244429999999999978e+02 1.051140000000000043e+02 1.427779999999999916e+02 8.500620000000000687e+01 1.487230000000000132e+02 1.539679999999999893e+02
2.918899999999999828e+00 2.582169999999999743e-01 0.000000000000000000e+00 0.000000000000000000e+00 1.592139999999999986e+02 1.331059999999999945e+02 1.055969999999999942e+02 1.293880000000000052e+02 9.015890000000000271e+01 1.519230000000000018e+02 1.195139999999999958e+02
3.021319999999999784e+00 2.754379999999999828e+00 6.125390000000000001e-02 0.000000000000000000e+00 1.370629999999999882e+02 1.226940000000000026e+02 1.341769999999999925e+02 1.145250000000000057e+02 1.883499999999999943e+02 1.395500000000000114e+02 9.962099999999999511e+01
3.123740000000000183e+00 3.866680000000000117e+00 3.806320000000000259e-01 0.000000000000000000e+00 1.273799999999999955e+02 1.350420000000000016e+02 1.621419999999999959e+02 9.585710000000000264e+01 1.524939999999999998e+02 9.502679999999999438e+01 1.086760000000000019e+02
3.226150000000000073e+00 4.361620000000000275e+00 6.142830000000000235e-01 1.586120000000000108e-03 1.196099999999999994e+02 1.411339999999999861e+02 1.692709999999999866e+02 7.054519999999999413e+01 1.091159999999999997e+02 7.392409999999999570e+01 1.111719999999999970e+02
3.328570000000000029e+00 9.682130000000000791e+00 1.465259999999999896e-01 7.984150000000000622e-03 1.016410000000000053e+02 1.827719999999999914e+02 1.713540000000000134e+02 7.078060000000000684e+01 1.080019999999999953e+02 6.518649999999999523e+01 9.144159999999999400e+01
3.430989999999999984e+00 1.999360000000000070e+01 1.050839999999999969e-01 7.280390000000000472e-02 9.209420000000000073e+01 1.824029999999999916e+02 1.615529999999999973e+02 6.516949999999999932e+01 1.329579999999999984e+02 7.275990000000000180e+01 7.643070000000000164e+01
3.533409999999999940e+00 1.393750000000000000e+01 3.241080000000000072e-01 3.131329999999999947e-01 8.340850000000000364e+01 1.395730000000000075e+02 1.311500000000000057e+02 7.535829999999999984e+01 1.263529999999999944e+02 1.075919999999999987e+02 1.032530000000000001e+02
3.635819999999999830e+00 4.024130000000000429e+00 2.067610000000000003e-01 2.053949999999999942e-01 9.641129999999999711e+01 8.765149999999999864e+01 1.154609999999999985e+02 9.277280000000000371e+01 1.363369999999999891e+02 1.006989999999999981e+02 1.091430000000000007e+02
3.738239999999999785e+00 3.381590000000000096e+00 1.403650000000000037e-02 1.358189999999999918e-02 1.184830000000000041e+02 5.379729999999999990e+01 1.167789999999999964e+02 1.205570000000000022e+02 1.667220000000000084e+02 6.925549999999999784e+01 1.147090000000000032e+02
3.840660000000000185e+00 7.147429999999999950e+00 1.496099999999999991e-03 1.496099999999999991e-03 1.576250000000000000e+02 4.382139999999999702e+01 1.190709999999999980e+02 1.481479999999999961e+02 1.495840000000000032e+02 5.125820000000000221e+01 9.918869999999999720e+01
3.943080000000000140e+00 6.691300000000000026e+00 1.394389999999999909e-03 1.394389999999999909e-03 1.677069999999999936e+02 2.580330000000000013e+01 1.163649999999999949e+02 1.517839999999999918e+02 1.423300000000000125e+02 7.295040000000000191e+01 1.028130000000000024e+02
4.045490000000000030e+00 7.740260000000000140e+00 9.027419999999999976e-04 9.027419999999999976e-04 1.269800000000000040e+02 1.960310000000000130e+01 1.401229999999999905e+02 1.596020000000000039e+02 9.033039999999999736e+01 6.684659999999999513e+01 1.109240000000000066e+02
4.147910000000000430e+00 5.077989999999999782e+00 5.489159999999999873e-04 5.489159999999999873e-04 9.148229999999999507e+01 2.567299999999999827e+01 1.620749999999999886e+02 1.623230000000000075e+02 1.191719999999999970e+02 3.877649999999999864e+01 1.207960000000000065e+02
4.250329999999999941e+00 4.200510000000000410e+00 0.000000000000000000e+00 0.000000000000000000e+00 6.999750000000000227e+01 2.303689999999999927e+01 1.236129999999999995e+02 1.610800000000000125e+02 1.354859999999999900e+02 2.989369999999999905e+01 1.315670000000000073e+02
4.352750000000000341e+00 1.272039999999999971e+01 0.000000000000000000e+00 0.000000000000000000e+00 7.890250000000000341e+01 3.721000000000000085e+01 1.085709999999999980e+02 1.504840000000000089e+02 1.975229999999999961e+02 3.532050000000000267e+01 1.174380000000000024e+02
4.455160000000000231e+00 1.717849999999999966e+01 0.000000000000000000e+00 0.000000000000000000e+00 7.265840000000000032e+01 5.766919999999999646e+01 1.022980000000000018e+02 1.057229999999999990e+02 2.133379999999999939e+02 4.800880000000000081e+01 1.100010000000000048e+02
4.557579999999999742e+00 1.549290000000000056e+01 0.000000000000000000e+00 0.000000000000000000e+00 6.883759999999999479e+01 7.465349999999999397e+01 9.429470000000000596e+01 7.690519999999999357e+01 1.849950000000000045e+02 4.515599999999999881e+01 8.339390000000000214e+01
4.660000000000000142e+00 1.841140000000000043e+01 0.000000000000000000e+00 0.000000000000000000e+00 6.590670000000000073e+01 1.096099999999999994e+02 6.768810000000000571e+01 5.475019999999999953e+01 1.919389999999999930e+02 3.153359999999999985e+01 7.072839999999999350e+01
4.762419999999999654e+00 1.985300000000000153e+01 0.000000000000000000e+00 0.000000000000000000e+00 6.522679999999999723e+01 1.326150000000000091e+02 5.065449999999999875e+01 6.482890000000000441e+01 2.363810000000000002e+02 2.526219999999999999e+01 8.898470000000000368e+01
4.864830000000000432e+00 1.215339999999999954e+01 0.000000000000000000e+00 0.000000000000000000e+00 7.651569999999999538e+01 1.088529999999999944e+02 4.911030000000000229e+01 6.187219999999999942e+01 2.281450000000000102e+02 2.009860000000000113e+01 8.680100000000000193e+01
4.967249999999999943e+00 4.545869999999999855e+00 5.489159999999999873e-04 0.000000000000000000e+00 8.464619999999999322e+01 1.113119999999999976e+02 4.798109999999999786e+01 7.815059999999999718e+01 2.083280000000000030e+02 2.472340000000000160e+01 6.952439999999999998e+01
5.069670000000000343e+00 1.582429999999999914e+01 0.000000000000000000e+00 0.000000000000000000e+00 8.911629999999999541e+01 1.234000000000000057e+02 6.840779999999999461e+01 7.017419999999999902e+01 1.831140000000000043e+02 2.394259999999999877e+01 7.234659999999999513e+01
